0: 0, 12.75, 249
0011101011110111110111101111100111111100010110011000010011010111101111001011000010001110010010100110011010000111010010011100000000110100000010011110011110110111101100000111110001010001010001110101100101100001110111110111101101000110000011111101100101110110, 249
1: 0, 145.34, 362
0011101010110111110111101111100111111100010110011000010011010111101111000011000101001010110100001001110010100000100111010100111001011100001100110000101100100001000101010111000101110100001100001111010110100101111010001111011010001010001000101110010010000110, 362
2: 176, 242.085, 465
0011001011110111110111101111100111111100010110010000010011010111101111001011000010001110010010100110011010000111010010011100011001010111100000010001000001000101110000001101100011011011001101111011111111011000101110001110011000001100101100101100110000101100, 465
3: 239, 277.49, 492
0011101011110111110111101111100111111100010110011000010011010111101111001010000010001110010110100011100111011110101101000001001010110111101111101000101111001011111100111111011011100011100111100111100101100011100001110011111111001001001111010101010000011011, 492
4: 249, 339.915, 697
0011001011110111110111101111100111111100011110010000010011010111010000000100111100110011001010010101100000101001111111011100110111010000001111101000101111001011111100111111011011100011100111101111000101100011100001110011111101001001001111010101010100011001, 697
5: 308, 427.435, 697
0011001011110111110111101111100111111100011110010000010011010111010000000100111100110011001010010101100000101001111111011100110111010000001111101000101111001011111100111111011011100011100111101111000101100011100001110011111101001001001111010101010100011001, 697
6: 407, 495.61, 697
0011001011110111110111101111100111111100011110010000010011010111010000000100111100110011001010010101100000101001111111011100110111010000001111101000101111001011111100111111011011100011100111101111000101100011100001110011111101001001001111010101010100011001, 697
7: 488, 526.875, 823
0011001011110111010111101111100111111100010010011000010011010111101010001010101100111001011110110010111111001010110001110100101010101110010101101000101111001011111100111111011001100010111011000111101101011010010000011010100110101101100001011010001110100110, 823
8: 488, 558.81, 823
0011001011110111010111101111100111111100010010011000010011010111101010001010101100111001011110110010111111001010110001110100101010101110010101101000101111001011111100111111011001100010111011000111101101011010010000011010100110101101100001011010001110100110, 823
9: 492, 613.175, 873
1110001011110111110111101111100111111100010110011000010011000010011011001011001110001101100001000111010111001101000101011100110111010000010110111000000011101111111100100011110101010011010000000010010010100000101101001011011100000010000011111111111100110010, 873
10: 619, 666.135, 877
0011001011110111010111101111100111111100010111010101011001111101001101110101110100101001101101100111000010011001111111011100110111010000000011101000101111101011111100111111011011100011101111100101000111001100101101001011011100000010000011111111111100100010, 877
11: 646, 699.115, 1014
0011101011110111110111101111100111111100010010011000010011010111101010001010101100111001011110110010111111001011110111011100110111010000010110111010000011101111111100100011110101010011010000001011010011100000011101011001100110011100100001001010101110110110, 1014
12: 693, 729.54, 1014
0011101011110111110111101111100111111100010010011000010011010111101010001010101100111001011110110010111111001011110111011100110111010000010110111010000011101111111100100011110101010011010000001011010011100000011101011001100110011100100001001010101110110110, 1014
13: 697, 758.07, 1029
0001001011110111110111111111100111111100010010110100110101010101110001001110010001110010011000100011000000011001111111011100110111010000001011101000101111001011111100111111011001100010111011000111101101011000010000011010100110101100110001011010001110100110, 1029
14: 697, 801.195, 1240
0011000011110111010111101111100111111100010010011101010011010111101010001010101100110011001010011111100100100001111011001100110111010000001011111001111111001011111100111111011001100010111011000111101101011011010000011010100110101101100001011010001110100110, 1240
15: 766, 853.675, 1240
0011000011110111010111101111100111111100010010011101010011010111101010001010101100110011001010011111100100100001111011001100110111010000001011111001111111001011111100111111011001100010111011000111101101011011010000011010100110101101100001011010001110100110, 1240
16: 829, 887.35, 1240
0011000011110111010111101111100111111100010010011101010011010111101010001010101100110011001010011111100100100001111011001100110111010000001011111001111111001011111100111111011001100010111011000111101101011011010000011010100110101101100001011010001110100110, 1240
17: 860, 921.695, 1240
0011000011110111010111101111100111111100010010011101010011010111101010001010101100110011001010011111100100100001111011001100110111010000001011111001111111001011111100111111011001100010111011000111101101011011010000011010100110101101100001011010001110100110, 1240
18: 865, 950.685, 1240
0011000011110111010111101111100111111100010010011101010011010111101010001010101100110011001010011111100100100001111011001100110111010000001011111001111111001011111100111111011001100010111011000111101101011011010000011010100110101101100001011010001110100110, 1240
19: 877, 989.625, 1257
0011000011110111010111101111100111111100010010011101010011010111101010001010101100110011001010011111110100100001111011001100110111010000001011111001111111011011111100111111011011100011101111110101000111001000101101001011011100100010000011111111111100100000, 1257
20: 929, 1037.49, 1444
0011000011110111010111101111100111111100010010011101010011010111101010001010101100110011001010001111100100100001111011001100110111010000001011111001111111001011111100111111011001100011000111101110000101101100101101001011011100000000000011111011101110111110, 1444
21: 1014, 1078.52, 1444
0011000011110111010111101111100111111100010010011101010011010111101010001010101100110011001010001111100100100001111011001100110111010000001011111001111111001011111100111111011001100011000111101110000101101100101101001011011100000000000011111011101110111110, 1444
22: 1028, 1114.805, 1479
0011000011110110010111101111100111111100010010011101010011010111101010001010101100110011001010011111100100100001111011001100110111010000001010111001111111001011111100111111011001100010110111101110000101101100101101001011011100000000000011111111111100100010, 1479
23: 1045, 1151.445, 1479
0011000011110110010111101111100111111100010010011101010011010111101010001010101100110011001010011111100100100001111011001100110111010000001010111001111111001011111100111111011001100010110111101110000101101100101101001011011100000000000011111111111100100010, 1479
24: 1077, 1198.655, 1479
0011000011110110010111101111100111111100010010011101010011010111101010001010101100110011001010011111100100100001111011001100110111010000001010111001111111001011111100111111011001100010110111101110000101101100101101001011011100000000000011111111111100100010, 1479
25: 1117, 1243.405, 1479
0011000011110110010111101111100111111100010010011101010011010111101010001010101100110011001010011111100100100001111011001100110111010000001010111001111111001011111100111111011001100010110111101110000101101100101101001011011100000000000011111111111100100010, 1479
26: 1213, 1285.155, 1479
0011000011110110010111101111100111111100010010011101010011010111101010001010101100110011001010011111100100100001111011001100110111010000001010111001111111001011111100111111011001100010110111101110000101101100101101001011011100000000000011111111111100100010, 1479
27: 1240, 1302.2, 1479
0011000011110110010111101111100111111100010010011101010011010111101010001010101100110011001010011111100100100001111011001100110111010000001010111001111111001011111100111111011001100010110111101110000101101100101101001011011100000000000011111111111100100010, 1479
28: 1242, 1322.315, 1644
0011010011110111010111101111100111111100011010011101010011010111101010001010101100010011001010011111100000000001110011001100110111010000100011111011111111001011111100111111011001100010110111101110000101111100101101001011011100000010000001011010001110100110, 1644
29: 1257, 1353.525, 1644
0011010011110111010111101111100111111100011010011101010011010111101010001010101100010011001010011111100000000001110011001100110111010000100011111011111111001011111100111111011001100010110111101110000101111100101101001011011100000010000001011010001110100110, 1644
30: 1274, 1397.705, 1644
0011010011110111010111101111100111111100011010011101010011010111101010001010101100010011001010011111100000000001110011001100110111010000100011111011111111001011111100111111011001100010110111101110000101111100101101001011011100000010000001011010001110100110, 1644
31: 1311, 1441.735, 1644
0011010011110111010111101111100111111100011010011101010011010111101010001010101100010011001010011111100000000001110011001100110111010000100011111011111111001011111100111111011001100010110111101110000101111100101101001011011100000010000001011010001110100110, 1644
32: 1420, 1470.38, 1848
0011000011110111010111101111100111111100010010111101010011010111101010001010101100111011001010001111100100100001110011001100111111010010100101111010101011001011111100111111011001100010110111101110000101101100101101001011011100000000001011111010001110100110, 1848
33: 1444, 1491.54, 1850
0011000011110111010111101111100111111100010000111101010011010111101010001010101100111011001010001101100100100001110011001100111111010010100111101001111111001011111100111111011001100010110111101110000101011100101101001011011100000010000001011010001110100110, 1850
34: 1462, 1510.82, 1850
0011000011110111010111101111100111111100010000111101010011010111101010001010101100111011001010001101100100100001110011001100111111010010100111101001111111001011111100111111011001100010110111101110000101011100101101001011011100000010000001011010001110100110, 1850
35: 1479, 1526.245, 1850
0011000011110111010111101111100111111100010000111101010011010111101010001010101100111011001010001101100100100001110011001100111111010010100111101001111111001011111100111111011001100010110111101110000101011100101101001011011100000010000001011010001110100110, 1850
36: 1479, 1547.955, 1850
0011000011110111010111101111100111111100010000111101010011010111101010001010101100111011001010001101100100100001110011001100111111010010100111101001111111001011111100111111011001100010110111101110000101011100101101001011011100000010000001011010001110100110, 1850
37: 1479, 1571.535, 1850
0011000011110111010111101111100111111100010000111101010011010111101010001010101100111011001010001101100100100001110011001100111111010010100111101001111111001011111100111111011001100010110111101110000101011100101101001011011100000010000001011010001110100110, 1850
38: 1481, 1596.31, 1850
0011000011110111010111101111100111111100010000111101010011010111101010001010101100111011001010001101100100100001110011001100111111010010100111101001111111001011111100111111011001100010110111101110000101011100101101001011011100000010000001011010001110100110, 1850
39: 1503, 1640.9, 1872
0011000111110111010111101111100111111100010001011101010011010111101010001010101110111001011010001111101100100001110011001100111111010010100111100010101011001011111100111111011001100010110111101110000101111100101101001011011100010000001011111011101110111110, 1872
40: 1605, 1670.95, 1872
0011000111110111010111101111100111111100010001011101010011010111101010001010101110111001011010001111101100100001110011001100111111010010100111100010101011001011111100111111011001100010110111101110000101111100101101001011011100010000001011111011101110111110, 1872
41: 1642, 1686.205, 1872
0011000111110111010111101111100111111100010001011101010011010111101010001010101110111001011010001111101100100001110011001100111111010010100111100010101011001011111100111111011001100010110111101110000101111100101101001011011100010000001011111011101110111110, 1872
42: 1644, 1702.19, 1952
1011000001010111010111101111100111111100010001011101010011010111101010001010101110111011011010000110101100100001110011001100111111010010100111100010101011000011111100111111011001101010110111101110000101111100101101001011011100000000001011111010001110100110, 1952
43: 1666, 1723.77, 1986
0011101011010111110110101111100111111100010010011101010011010111101010001010101100110011001010111111101100110001110011001100111110010010110101100000001111001011111100111111011001100010110111101110000101101101101101001011011110000010100001011010001110100110, 1986
44: 1666, 1741.925, 1986
0011101011010111110110101111100111111100010010011101010011010111101010001010101100110011001010111111101100110001110011001100111110010010110101100000001111001011111100111111011001100010110111101110000101101101101101001011011110000010100001011010001110100110, 1986
45: 1685, 1769.08, 2049
1111000011110111010111101111100111111100010001101101010011010111101010001010101100111011001011000101100100000001110011001100111111010010100111001001111111001011111100111111011001110010110111101110000111100100101101001011001100011100100001011010001110100110, 2049
46: 1685, 1796.745, 2049
1111000011110111010111101111100111111100010001101101010011010111101010001010101100111011001011000101100100000001110011001100111111010010100111001001111111001011111100111111011001110010110111101110000111100100101101001011001100011100100001011010001110100110, 2049
47: 1692, 1827.23, 2108
0011101011010111110110101111100111111100010010011101010011010111101010001010101100110001001010111111101100110001110011001100111111010010100111101001111111001011111100111111011001110010110111101110000111100100101101001011001100011100100001111010001110100110, 2108
48: 1756, 1865.135, 2108
0011101011010111110110101111100111111100010010011101010011010111101010001010101100110001001010111111101100110001110011001100111111010010100111101001111111001011111100111111011001110010110111101110000111100100101101001011001100011100100001111010001110100110, 2108
49: 1848, 1876.755, 2108
0011101011010111110110101111100111111100010010011101010011010111101010001010101100110001001010111111101100110001110011001100111111010010100111101001111111001011111100111111011001110010110111101110000111100100101101001011001100011100100001111010001110100110, 2108
50: 1848, 1890.41, 2108
0011101011010111110110101111100111111100010010011101010011010111101010001010101100110001001010111111101100110001110011001100111111010010100111101001111111001011111100111111011001110010110111101110000111100100101101001011001100011100100001111010001110100110, 2108
51: 1850, 1908, 2108
0011101011010111110110101111100111111100010010011101010011010111101010001010101100110001001010111111101100110001110011001100111111010010100111101001111111001011111100111111011001110010110111101110000111100100101101001011001100011100100001111010001110100110, 2108
52: 1858, 1921.37, 2108
0011101011010111110110101111100111111100010010011101010011010111101010001010101100110001001010111111101100110001110011001100111111010010100111101001111111001011111100111111011001110010110111101110000111100100101101001011001100011100100001111010001110100110, 2108
53: 1872, 1941.115, 2132
0110101011010111110110101111100111111100010010011101010011010111101010001010101100111011001010001101100100100011110011001100111111010010100111101001111011001011111100111111011000100010110111101110000111100100101001001011011100000000000001111011101110111110, 2132
54: 1872, 1953.705, 2337
1111000011110011010111101111100111111100010001101101010011010111101010001010101110110011001010000100101100100001110011001100111111010010100011100000101011000011111100111111011011100010110111101110000111100100101101001011011100000100000011111011101110111110, 2337
55: 1881, 1976.445, 2337
1111000011110011010111101111100111111100010001101101010011010111101010001010101110110011001010000100101100100001110011001100111111010010100011100000101011000011111100111111011011100010110111101110000111100100101101001011011100000100000011111011101110111110, 2337
56: 1896, 1995.585, 2337
1111000011110011010111101111100111111100010001101101010011010111101010001010101110110011001010000100101100100001110011001100111111010010100011100000101011000011111100111111011011100010110111101110000111100100101101001011011100000100000011111011101110111110, 2337
57: 1907, 2025.23, 2337
1111000011110011010111101111100111111100010001101101010011010111101010001010101110110011001010000100101100100001110011001100111111010010100011100000101011000011111100111111011011100010110111101110000111100100101101001011011100000100000011111011101110111110, 2337
58: 1940, 2057.485, 2540
0011101011010111110110101111100111111100010000011101000011010011101010001010101100111001111010001110101100100001110011001100111111010010100101111001111111001011111100111111011001100010110111101110000111100100101101001011011100000000000001111011101110111110, 2540
59: 1976, 2078.755, 2540
0011101011010111110110101111100111111100010000011101000011010011101010001010101100111001111010001110101100100001110011001100111111010010100101111001111111001011111100111111011001100010110111101110000111100100101101001011011100000000000001111011101110111110, 2540
60: 1986, 2098.865, 2540
0011101011010111110110101111100111111100010000011101000011010011101010001010101100111001111010001110101100100001110011001100111111010010100101111001111111001011111100111111011001100010110111101110000111100100101101001011011100000000000001111011101110111110, 2540
61: 2063, 2119.89, 2540
0011101011010111110110101111100111111100010000011101000011010011101010001010101100111001111010001110101100100001110011001100111111010010100101111001111111001011111100111111011001100010110111101110000111100100101101001011011100000000000001111011101110111110, 2540
62: 2073, 2135.215, 2540
0011101011010111110110101111100111111100010000011101000011010011101010001010101100111001111010001110101100100001110011001100111111010010100101111001111111001011111100111111011001100010110111101110000111100100101101001011011100000000000001111011101110111110, 2540
63: 2087, 2154.985, 2540
0011101011010111110110101111100111111100010000011101000011010011101010001010101100111001111010001110101100100001110011001100111111010010100101111001111111001011111100111111011001100010110111101110000111100100101101001011011100000000000001111011101110111110, 2540
64: 2087, 2168.865, 2540
0011101011010111110110101111100111111100010000011101000011010011101010001010101100111001111010001110101100100001110011001100111111010010100101111001111111001011111100111111011001100010110111101110000111100100101101001011011100000000000001111011101110111110, 2540
65: 2104, 2185.47, 2540
0011101011010111110110101111100111111100010000011101000011010011101010001010101100111001111010001110101100100001110011001100111111010010100101111001111111001011111100111111011001100010110111101110000111100100101101001011011100000000000001111011101110111110, 2540
66: 2108, 2205.225, 2540
0011101011010111110110101111100111111100010000011101000011010011101010001010101100111001111010001110101100100001110011001100111111010010100101111001111111001011111100111111011001100010110111101110000111100100101101001011011100000000000001111011101110111110, 2540
67: 2125, 2230.955, 2540
0011101011010111110110101111100111111100010000011101000011010011101010001010101100111001111010001110101100100001110011001100111111010010100101111001111111001011111100111111011001100010110111101110000111100100101101001011011100000000000001111011101110111110, 2540
68: 2133, 2274.585, 2569
1111000011110011010111111111100111111100010010011101010011010111101010001010101100111001111010001110101101000001110011001100111111010010101111001001111101001011111100111111011011100010110111101110000111100100101101001011011100000100000011111011101110111110, 2569
69: 2169, 2307.46, 2675
1111000011110011011111111111100111111100010010011101010011010111101010001010101100111001111010001110101101100001110011001100111111010010101111101001111101001011111100111111011001110000110111101110000111100100101101001011011110000010100001011010001110100110, 2675
70: 2248, 2329.775, 2675
1111000011110011011111111111100111111100010010011101010011010111101010001010101100111001111010001110101101100001110011001100111111010010101111101001111101001011111100111111011001110000110111101110000111100100101101001011011110000010100001011010001110100110, 2675
71: 2288, 2346.93, 2675
1111000011110011011111111111100111111100010010011101010011010111101010001010101100111001111010001110101101100001110011001100111111010010101111101001111101001011111100111111011001110000110111101110000111100100101101001011011110000010100001011010001110100110, 2675
72: 2295, 2363.65, 2675
1111000011110011011111111111100111111100010010011101010011010111101010001010101100111001111010001110101101100001110011001100111111010010101111101001111101001011111100111111011001110000110111101110000111100100101101001011011110000010100001011010001110100110, 2675
73: 2312, 2374.88, 2675
1111000011110011011111111111100111111100010010011101010011010111101010001010101100111001111010001110101101100001110011001100111111010010101111101001111101001011111100111111011001110000110111101110000111100100101101001011011110000010100001011010001110100110, 2675
74: 2315, 2390.88, 2675
1111000011110011011111111111100111111100010010011101010011010111101010001010101100111001111010001110101101100001110011001100111111010010101111101001111101001011111100111111011001110000110111101110000111100100101101001011011110000010100001011010001110100110, 2675
75: 2326, 2409.6, 2675
1111000011110011011111111111100111111100010010011101010011010111101010001010101100111001111010001110101101100001110011001100111111010010101111101001111101001011111100111111011001110000110111101110000111100100101101001011011110000010100001011010001110100110, 2675
76: 2337, 2425.275, 2717
1110000011100011010011101111100111111100010110011101010011010111101010001010101100101001111010001110101100000001110011001100111111010010101111001011111101001011111100111111011001110010110111101110000111100100101101001011011100000010000000011010001110100110, 2717
77: 2340, 2436.875, 2717
1110000011100011010011101111100111111100010110011101010011010111101010001010101100101001111010001110101100000001110011001100111111010010101111001011111101001011111100111111011001110010110111101110000111100100101101001011011100000010000000011010001110100110, 2717
78: 2357, 2448.73, 2717
1110000011100011010011101111100111111100010110011101010011010111101010001010101100101001111010001110101100000001110011001100111111010010101111001011111101001011111100111111011001110010110111101110000111100100101101001011011100000010000000011010001110100110, 2717
79: 2368, 2473.005, 2733
1111000011110011011111111111100111111100111010011101010011010111101010001010101100111001111010001110101100110001110011001100111111010010101111001011111101001011111100111111011001110011110111101110000111100100101101001011011100000010000000011010001110100110, 2733
80: 2389, 2492.095, 2733
1111000011110011011111111111100111111100111010011101010011010111101010001010101100111001111010001110101100110001110011001100111111010010101111001011111101001011111100111111011001110011110111101110000111100100101101001011011100000010000000011010001110100110, 2733
81: 2418, 2516.205, 2826
1111000011110011011111111111100111111100111010011101010011010111101010001010101100111001111010001110101100000001110011001100111111010010100101111001101011001011111100111111011001100010110111101110000111100100101101001011011110000010100001011010001110100110, 2826
82: 2443, 2537.755, 2826
1111000011110011011111111111100111111100111010011101010011010111101010001010101100111001111010001110101100000001110011001100111111010010100101111001101011001011111100111111011001100010110111101110000111100100101101001011011110000010100001011010001110100110, 2826
83: 2458, 2551.965, 2826
1111000011110011011111111111100111111100111010011101010011010111101010001010101100111001111010001110101100000001110011001100111111010010100101111001101011001011111100111111011001100010110111101110000111100100101101001011011110000010100001011010001110100110, 2826
84: 2483, 2562.79, 2826
1111000011110011011111111111100111111100111010011101010011010111101010001010101100111001111010001110101100000001110011001100111111010010100101111001101011001011111100111111011001100010110111101110000111100100101101001011011110000010100001011010001110100110, 2826
85: 2520, 2573.81, 2826
1111000011110011011111111111100111111100111010011101010011010111101010001010101100111001111010001110101100000001110011001100111111010010100101111001101011001011111100111111011001100010110111101110000111100100101101001011011110000010100001011010001110100110, 2826
86: 2520, 2580.53, 2826
1111000011110011011111111111100111111100111010011101010011010111101010001010101100111001111010001110101100000001110011001100111111010010100101111001101011001011111100111111011001100010110111101110000111100100101101001011011110000010100001011010001110100110, 2826
87: 2540, 2587.955, 2826
1111000011110011011111111111100111111100111010011101010011010111101010001010101100111001111010001110101100000001110011001100111111010010100101111001101011001011111100111111011001100010110111101110000111100100101101001011011110000010100001011010001110100110, 2826
88: 2544, 2595.465, 2826
1111000011110011011111111111100111111100111010011101010011010111101010001010101100111001111010001110101100000001110011001100111111010010100101111001101011001011111100111111011001100010110111101110000111100100101101001011011110000010100001011010001110100110, 2826
89: 2545, 2604.26, 2826
1111000011110011011111111111100111111100111010011101010011010111101010001010101100111001111010001110101100000001110011001100111111010010100101111001101011001011111100111111011001100010110111101110000111100100101101001011011110000010100001011010001110100110, 2826
90: 2553, 2611.485, 2826
1111000011110011011111111111100111111100111010011101010011010111101010001010101100111001111010001110101100000001110011001100111111010010100101111001101011001011111100111111011001100010110111101110000111100100101101001011011110000010100001011010001110100110, 2826
91: 2569, 2620.05, 2826
1111000011110011011111111111100111111100111010011101010011010111101010001010101100111001111010001110101100000001110011001100111111010010100101111001101011001011111100111111011001100010110111101110000111100100101101001011011110000010100001011010001110100110, 2826
92: 2569, 2627.65, 2826
1111000011110011011111111111100111111100111010011101010011010111101010001010101100111001111010001110101100000001110011001100111111010010100101111001101011001011111100111111011001100010110111101110000111100100101101001011011110000010100001011010001110100110, 2826
93: 2569, 2636.35, 2863
1111000011110011010111111111100111111100011010011101010011010111101010001010101100111101111010001110101101000001110011001100111111010010101111001011111101000011111100111111011001100000110111101110000111100100101101001011011110000010100001011010001110100110, 2863
94: 2569, 2648.155, 2879
1110000011100011010111101111100111111100010001101101010011010111101010001010101100111011111010001110101100100001110011001100111111010010100111001001111111001011111100111111011011110010110111101110000111100100101101001011011110000010100001011110001111100110, 2879
95: 2569, 2661.155, 2879
1110000011100011010111101111100111111100010001101101010011010111101010001010101100111011111010001110101100100001110011001100111111010010100111001001111111001011111100111111011011110010110111101110000111100100101101001011011110000010100001011110001111100110, 2879
96: 2574, 2675.54, 2879
1110000011100011010111101111100111111100010001101101010011010111101010001010101100111011111010001110101100100001110011001100111111010010100111001001111111001011111100111111011011110010110111101110000111100100101101001011011110000010100001011110001111100110, 2879
97: 2622, 2691.945, 2879
1110000011100011010111101111100111111100010001101101010011010111101010001010101100111011111010001110101100100001110011001100111111010010100111001001111111001011111100111111011011110010110111101110000111100100101101001011011110000010100001011110001111100110, 2879
98: 2650, 2699.725, 2895
1111000011110011011111111111100111111100111010011101010011010111101010001010101100110001111010001110101100110001110011001100111111010010101111001011111111001110111100111111011001100010110111101110000111100100101101001011011110100010101001011010001110100110, 2895
99: 2650, 2705.475, 2895
1111000011110011011111111111100111111100111010011101010011010111101010001010101100110001111010001110101100110001110011001100111111010010101111001011111111001110111100111111011001100010110111101110000111100100101101001011011110100010101001011010001110100110, 2895
100: 2675, 2712.68, 2895
1111000011110011011111111111100111111100111010011101010011010111101010001010101100110001111010001110101100110001110011001100111111010010101111001011111111001110111100111111011001100010110111101110000111100100101101001011011110100010101001011010001110100110, 2895
101: 2675, 2716.265, 2895
1111000011110011011111111111100111111100111010011101010011010111101010001010101100110001111010001110101100110001110011001100111111010010101111001011111111001110111100111111011001100010110111101110000111100100101101001011011110100010101001011010001110100110, 2895
102: 2675, 2722.435, 2895
1111000011110011011111111111100111111100111010011101010011010111101010001010101100110001111010001110101100110001110011001100111111010010101111001011111111001110111100111111011001100010110111101110000111100100101101001011011110100010101001011010001110100110, 2895
103: 2675, 2729.54, 2895
1111000011110011011111111111100111111100111010011101010011010111101010001010101100110001111010001110101100110001110011001100111111010010101111001011111111001110111100111111011001100010110111101110000111100100101101001011011110100010101001011010001110100110, 2895
104: 2680, 2742.075, 2895
1111000011110011011111111111100111111100111010011101010011010111101010001010101100110001111010001110101100110001110011001100111111010010101111001011111111001110111100111111011001100010110111101110000111100100101101001011011110100010101001011010001110100110, 2895
105: 2683, 2751.185, 2895
1111000011110011011111111111100111111100111010011101010011010111101010001010101100110001111010001110101100110001110011001100111111010010101111001011111111001110111100111111011001100010110111101110000111100100101101001011011110100010101001011010001110100110, 2895
106: 2696, 2760.16, 2895
1111000011110011011111111111100111111100111010011101010011010111101010001010101100110001111010001110101100110001110011001100111111010010101111001011111111001110111100111111011001100010110111101110000111100100101101001011011110100010101001011010001110100110, 2895
107: 2707, 2769.3, 2895
1111000011110011011111111111100111111100111010011101010011010111101010001010101100110001111010001110101100110001110011001100111111010010101111001011111111001110111100111111011001100010110111101110000111100100101101001011011110100010101001011010001110100110, 2895
108: 2708, 2776.94, 2895
1111000011110011011111111111100111111100111010011101010011010111101010001010101100110001111010001110101100110001110011001100111111010010101111001011111111001110111100111111011001100010110111101110000111100100101101001011011110100010101001011010001110100110, 2895
109: 2717, 2784.92, 2895
1111000011110011011111111111100111111100111010011101010011010111101010001010101100110001111010001110101100110001110011001100111111010010101111001011111111001110111100111111011001100010110111101110000111100100101101001011011110100010101001011010001110100110, 2895
110: 2730, 2792.45, 2949
1111000011110011000111111111100111111100010001111101010011010111101010001010101100011100111010001110101100101000110011001100111111010010110101011001111111001011111100111111011001110010110111101110000111100100101101001011011110000010100001011110001111100110, 2949
111: 2733, 2804.15, 2949
1111000011110011000111111111100111111100010001111101010011010111101010001010101100011100111010001110101100101000110011001100111111010010110101011001111111001011111100111111011001110010110111101110000111100100101101001011011110000010100001011110001111100110, 2949
112: 2733, 2812.4, 2949
1111000011110011000111111111100111111100010001111101010011010111101010001010101100011100111010001110101100101000110011001100111111010010110101011001111111001011111100111111011001110010110111101110000111100100101101001011011110000010100001011110001111100110, 2949
113: 2741, 2820.265, 2949
1111000011110011000111111111100111111100010001111101010011010111101010001010101100011100111010001110101100101000110011001100111111010010110101011001111111001011111100111111011001110010110111101110000111100100101101001011011110000010100001011110001111100110, 2949
114: 2757, 2831.105, 2949
1111000011110011000111111111100111111100010001111101010011010111101010001010101100011100111010001110101100101000110011001100111111010010110101011001111111001011111100111111011001110010110111101110000111100100101101001011011110000010100001011110001111100110, 2949
115: 2779, 2840.815, 2949
1111000011110011000111111111100111111100010001111101010011010111101010001010101100011100111010001110101100101000110011001100111111010010110101011001111111001011111100111111011001110010110111101110000111100100101101001011011110000010100001011110001111100110, 2949
116: 2801, 2847.1, 2949
1111000011110011000111111111100111111100010001111101010011010111101010001010101100011100111010001110101100101000110011001100111111010010110101011001111111001011111100111111011001110010110111101110000111100100101101001011011110000010100001011110001111100110, 2949
117: 2807, 2853.32, 2949
1111000011110011000111111111100111111100010001111101010011010111101010001010101100011100111010001110101100101000110011001100111111010010110101011001111111001011111100111111011001110010110111101110000111100100101101001011011110000010100001011110001111100110, 2949
118: 2815, 2858.585, 2949
1111000011110011000111111111100111111100010001111101010011010111101010001010101100011100111010001110101100101000110011001100111111010010110101011001111111001011111100111111011001110010110111101110000111100100101101001011011110000010100001011110001111100110, 2949
119: 2826, 2864.01, 2949
1111000011110011000111111111100111111100010001111101010011010111101010001010101100011100111010001110101100101000110011001100111111010010110101011001111111001011111100111111011001110010110111101110000111100100101101001011011110000010100001011110001111100110, 2949
120: 2826, 2870.69, 2949
1111000011110011000111111111100111111100010001111101010011010111101010001010101100011100111010001110101100101000110011001100111111010010110101011001111111001011111100111111011001110010110111101110000111100100101101001011011110000010100001011110001111100110, 2949
121: 2831, 2876.24, 2949
1111000011110011000111111111100111111100010001111101010011010111101010001010101100011100111010001110101100101000110011001100111111010010110101011001111111001011111100111111011001110010110111101110000111100100101101001011011110000010100001011110001111100110, 2949
122: 2838, 2879.535, 2949
1111000011110011000111111111100111111100010001111101010011010111101010001010101100011100111010001110101100101000110011001100111111010010110101011001111111001011111100111111011001110010110111101110000111100100101101001011011110000010100001011110001111100110, 2949
123: 2858, 2884.85, 2949
1111000011110011000111111111100111111100010001111101010011010111101010001010101100011100111010001110101100101000110011001100111111010010110101011001111111001011111100111111011001110010110111101110000111100100101101001011011110000010100001011110001111100110, 2949
124: 2863, 2886.61, 2949
1111000011110011000111111111100111111100010001111101010011010111101010001010101100011100111010001110101100101000110011001100111111010010110101011001111111001011111100111111011001110010110111101110000111100100101101001011011110000010100001011110001111100110, 2949
125: 2863, 2888.805, 2949
1111000011110011000111111111100111111100010001111101010011010111101010001010101100011100111010001110101100101000110011001100111111010010110101011001111111001011111100111111011001110010110111101110000111100100101101001011011110000010100001011110001111100110, 2949
126: 2869, 2892.44, 2949
1111000011110011000111111111100111111100010001111101010011010111101010001010101100011100111010001110101100101000110011001100111111010010110101011001111111001011111100111111011001110010110111101110000111100100101101001011011110000010100001011110001111100110, 2949
127: 2875, 2894.915, 2949
1111000011110011000111111111100111111100010001111101010011010111101010001010101100011100111010001110101100101000110011001100111111010010110101011001111111001011111100111111011001110010110111101110000111100100101101001011011110000010100001011110001111100110, 2949
128: 2879, 2898.195, 2949
1111000011110011000111111111100111111100010001111101010011010111101010001010101100011100111010001110101100101000110011001100111111010010110101011001111111001011111100111111011001110010110111101110000111100100101101001011011110000010100001011110001111100110, 2949
129: 2879, 2901.18, 2949
1111000011110011000111111111100111111100010001111101010011010111101010001010101100011100111010001110101100101000110011001100111111010010110101011001111111001011111100111111011001110010110111101110000111100100101101001011011110000010100001011110001111100110, 2949
130: 2885, 2904.17, 2949
1111000011110011000111111111100111111100010001111101010011010111101010001010101100011100111010001110101100101000110011001100111111010010110101011001111111001011111100111111011001110010110111101110000111100100101101001011011110000010100001011110001111100110, 2949
131: 2885, 2907.945, 3008
1111000011110011010111111111100111111100111010011101010011010111101010001010101100111001111010001110101100000001110011001100111111010010100001011000100010001011111100111111011001100010110111101110000111100100101101001011011110000010100001011110001111100110, 3008
132: 2895, 2910.86, 3008
1111000011110011010111111111100111111100111010011101010011010111101010001010101100111001111010001110101100000001110011001100111111010010100001011000100010001011111100111111011001100010110111101110000111100100101101001011011110000010100001011110001111100110, 3008
133: 2895, 2913.165, 3008
1111000011110011010111111111100111111100111010011101010011010111101010001010101100111001111010001110101100000001110011001100111111010010100001011000100010001011111100111111011001100010110111101110000111100100101101001011011110000010100001011110001111100110, 3008
134: 2895, 2916.065, 3008
1111000011110011010111111111100111111100111010011101010011010111101010001010101100111001111010001110101100000001110011001100111111010010100001011000100010001011111100111111011001100010110111101110000111100100101101001011011110000010100001011110001111100110, 3008
135: 2895, 2920.05, 3008
1111000011110011010111111111100111111100111010011101010011010111101010001010101100111001111010001110101100000001110011001100111111010010100001011000100010001011111100111111011001100010110111101110000111100100101101001011011110000010100001011110001111100110, 3008
136: 2895, 2922.305, 3008
1111000011110011010111111111100111111100111010011101010011010111101010001010101100111001111010001110101100000001110011001100111111010010100001011000100010001011111100111111011001100010110111101110000111100100101101001011011110000010100001011110001111100110, 3008
137: 2895, 2925.155, 3008
1111000011110011010111111111100111111100111010011101010011010111101010001010101100111001111010001110101100000001110011001100111111010010100001011000100010001011111100111111011001100010110111101110000111100100101101001011011110000010100001011110001111100110, 3008
138: 2895, 2928.19, 3008
1111000011110011010111111111100111111100111010011101010011010111101010001010101100111001111010001110101100000001110011001100111111010010100001011000100010001011111100111111011001100010110111101110000111100100101101001011011110000010100001011110001111100110, 3008
139: 2902, 2932.345, 3008
1111000011110011010111111111100111111100111010011101010011010111101010001010101100111001111010001110101100000001110011001100111111010010100001011000100010001011111100111111011001100010110111101110000111100100101101001011011110000010100001011110001111100110, 3008
140: 2911, 2936.16, 3008
1111000011110011010111111111100111111100111010011101010011010111101010001010101100111001111010001110101100000001110011001100111111010010100001011000100010001011111100111111011001100010110111101110000111100100101101001011011110000010100001011110001111100110, 3008
141: 2923, 2937.485, 3008
1111000011110011010111111111100111111100111010011101010011010111101010001010101100111001111010001110101100000001110011001100111111010010100001011000100010001011111100111111011001100010110111101110000111100100101101001011011110000010100001011110001111100110, 3008
142: 2927, 2938.39, 3008
1111000011110011010111111111100111111100111010011101010011010111101010001010101100111001111010001110101100000001110011001100111111010010100001011000100010001011111100111111011001100010110111101110000111100100101101001011011110000010100001011110001111100110, 3008
143: 2927, 2940.285, 3008
1111000011110011010111111111100111111100111010011101010011010111101010001010101100111001111010001110101100000001110011001100111111010010100001011000100010001011111100111111011001100010110111101110000111100100101101001011011110000010100001011110001111100110, 3008
144: 2927, 2941.195, 3008
1111000011110011010111111111100111111100111010011101010011010111101010001010101100111001111010001110101100000001110011001100111111010010100001011000100010001011111100111111011001100010110111101110000111100100101101001011011110000010100001011110001111100110, 3008
145: 2927, 2943.015, 3008
1111000011110011010111111111100111111100111010011101010011010111101010001010101100111001111010001110101100000001110011001100111111010010100001011000100010001011111100111111011001100010110111101110000111100100101101001011011110000010100001011110001111100110, 3008
146: 2927, 2944.755, 3008
1111000011110011010111111111100111111100111010011101010011010111101010001010101100111001111010001110101100000001110011001100111111010010100001011000100010001011111100111111011001100010110111101110000111100100101101001011011110000010100001011110001111100110, 3008
147: 2927, 2947.05, 3008
1111000011110011010111111111100111111100111010011101010011010111101010001010101100111001111010001110101100000001110011001100111111010010100001011000100010001011111100111111011001100010110111101110000111100100101101001011011110000010100001011110001111100110, 3008
148: 2927, 2950.035, 3008
1111000011110011010111111111100111111100111010011101010011010111101010001010101100111001111010001110101100000001110011001100111111010010100001011000100010001011111100111111011001100010110111101110000111100100101101001011011110000010100001011110001111100110, 3008
149: 2933, 2952.695, 3008
1111000011110011010111111111100111111100111010011101010011010111101010001010101100111001111010001110101100000001110011001100111111010010100001011000100010001011111100111111011001100010110111101110000111100100101101001011011110000010100001011110001111100110, 3008
150: 2944, 2954.74, 3008
1111000011110011010111111111100111111100111010011101010011010111101010001010101100111001111010001110101100000001110011001100111111010010100001011000100010001011111100111111011001100010110111101110000111100100101101001011011110000010100001011110001111100110, 3008
151: 2949, 2955.73, 3008
1111000011110011010111111111100111111100111010011101010011010111101010001010101100111001111010001110101100000001110011001100111111010010100001011000100010001011111100111111011001100010110111101110000111100100101101001011011110000010100001011110001111100110, 3008
152: 2949, 2957.57, 3140
1111000011110011010111001111100111111100110001101101010011010111101010001010101100110011111010001110101100000000110011001100111111010010110101011011111111000010111100111111011001110010110111101110000111100100101101001011011110000010100001011110001111100110, 3140
153: 2949, 2958.91, 3140
1111000011110011010111001111100111111100110001101101010011010111101010001010101100110011111010001110101100000000110011001100111111010010110101011011111111000010111100111111011001110010110111101110000111100100101101001011011110000010100001011110001111100110, 3140
154: 2949, 2960.26, 3140
1111000011110011010111001111100111111100110001101101010011010111101010001010101100110011111010001110101100000000110011001100111111010010110101011011111111000010111100111111011001110010110111101110000111100100101101001011011110000010100001011110001111100110, 3140
155: 2949, 2960.985, 3140
1111000011110011010111001111100111111100110001101101010011010111101010001010101100110011111010001110101100000000110011001100111111010010110101011011111111000010111100111111011001110010110111101110000111100100101101001011011110000010100001011110001111100110, 3140
156: 2949, 2963.635, 3140
1111000011110011010111001111100111111100110001101101010011010111101010001010101100110011111010001110101100000000110011001100111111010010110101011011111111000010111100111111011001110010110111101110000111100100101101001011011110000010100001011110001111100110, 3140
157: 2949, 2965.375, 3140
1111000011110011010111001111100111111100110001101101010011010111101010001010101100110011111010001110101100000000110011001100111111010010110101011011111111000010111100111111011001110010110111101110000111100100101101001011011110000010100001011110001111100110, 3140
158: 2949, 2966.85, 3140
1111000011110011010111001111100111111100110001101101010011010111101010001010101100110011111010001110101100000000110011001100111111010010110101011011111111000010111100111111011001110010110111101110000111100100101101001011011110000010100001011110001111100110, 3140
159: 2949, 2968.03, 3140
1111000011110011010111001111100111111100110001101101010011010111101010001010101100110011111010001110101100000000110011001100111111010010110101011011111111000010111100111111011001110010110111101110000111100100101101001011011110000010100001011110001111100110, 3140
160: 2949, 2970.31, 3140
1111000011110011010111001111100111111100110001101101010011010111101010001010101100110011111010001110101100000000110011001100111111010010110101011011111111000010111100111111011001110010110111101110000111100100101101001011011110000010100001011110001111100110, 3140
161: 2949, 2974.76, 3204
1111000011110011010111001111100111111100010010011101010011010111101010001010101100110011111010001110101100100000110011001100111111010010110101011011111111000010111100111111011001100010110111101110000111100100111101001111011110000010100001011110001111100110, 3204
162: 2949, 2976.905, 3204
1111000011110011010111001111100111111100010010011101010011010111101010001010101100110011111010001110101100100000110011001100111111010010110101011011111111000010111100111111011001100010110111101110000111100100111101001111011110000010100001011110001111100110, 3204
163: 2949, 2981.63, 3204
1111000011110011010111001111100111111100010010011101010011010111101010001010101100110011111010001110101100100000110011001100111111010010110101011011111111000010111100111111011001100010110111101110000111100100111101001111011110000010100001011110001111100110, 3204
164: 2949, 2987.615, 3204
1111000011110011010111001111100111111100010010011101010011010111101010001010101100110011111010001110101100100000110011001100111111010010110101011011111111000010111100111111011001100010110111101110000111100100111101001111011110000010100001011110001111100110, 3204
165: 2949, 2992.84, 3204
1111000011110011010111001111100111111100010010011101010011010111101010001010101100110011111010001110101100100000110011001100111111010010110101011011111111000010111100111111011001100010110111101110000111100100111101001111011110000010100001011110001111100110, 3204
166: 2949, 2997.87, 3204
1111000011110011010111001111100111111100010010011101010011010111101010001010101100110011111010001110101100100000110011001100111111010010110101011011111111000010111100111111011001100010110111101110000111100100111101001111011110000010100001011110001111100110, 3204
167: 2949, 3003.09, 3204
1111000011110011010111001111100111111100010010011101010011010111101010001010101100110011111010001110101100100000110011001100111111010010110101011011111111000010111100111111011001100010110111101110000111100100111101001111011110000010100001011110001111100110, 3204
168: 2960, 3007.185, 3204
1111000011110011010111001111100111111100010010011101010011010111101010001010101100110011111010001110101100100000110011001100111111010010110101011011111111000010111100111111011001100010110111101110000111100100111101001111011110000010100001011110001111100110, 3204
169: 2965, 3015.13, 3204
1111000011110011010111001111100111111100010010011101010011010111101010001010101100110011111010001110101100100000110011001100111111010010110101011011111111000010111100111111011001100010110111101110000111100100111101001111011110000010100001011110001111100110, 3204
170: 3000, 3020.39, 3220
1111000011110011110111001111100111111100010010011101010011010111101010001010101100110011111110001111101100100001110011001100111111010010110101011011111111000010111100111111011001100011110111101110000111100100111101001111011110000010100001011110001111100110, 3220
171: 3008, 3023.195, 3220
1111000011110011110111001111100111111100010010011101010011010111101010001010101100110011111110001111101100100001110011001100111111010010110101011011111111000010111100111111011001100011110111101110000111100100111101001111011110000010100001011110001111100110, 3220
172: 3008, 3023.775, 3220
1111000011110011110111001111100111111100010010011101010011010111101010001010101100110011111110001111101100100001110011001100111111010010110101011011111111000010111100111111011001100011110111101110000111100100111101001111011110000010100001011110001111100110, 3220
173: 3008, 3025.8, 3220
1111000011110011110111001111100111111100010010011101010011010111101010001010101100110011111110001111101100100001110011001100111111010010110101011011111111000010111100111111011001100011110111101110000111100100111101001111011110000010100001011110001111100110, 3220
174: 3008, 3028.125, 3220
1111000011110011110111001111100111111100010010011101010011010111101010001010101100110011111110001111101100100001110011001100111111010010110101011011111111000010111100111111011001100011110111101110000111100100111101001111011110000010100001011110001111100110, 3220
175: 3008, 3028.865, 3220
1111000011110011110111001111100111111100010010011101010011010111101010001010101100110011111110001111101100100001110011001100111111010010110101011011111111000010111100111111011001100011110111101110000111100100111101001111011110000010100001011110001111100110, 3220
176: 3008, 3031.985, 3220
1111000011110011110111001111100111111100010010011101010011010111101010001010101100110011111110001111101100100001110011001100111111010010110101011011111111000010111100111111011001100011110111101110000111100100111101001111011110000010100001011110001111100110, 3220
177: 3008, 3035.665, 3220
1111000011110011110111001111100111111100010010011101010011010111101010001010101100110011111110001111101100100001110011001100111111010010110101011011111111000010111100111111011001100011110111101110000111100100111101001111011110000010100001011110001111100110, 3220
178: 3008, 3037.085, 3220
1111000011110011110111001111100111111100010010011101010011010111101010001010101100110011111110001111101100100001110011001100111111010010110101011011111111000010111100111111011001100011110111101110000111100100111101001111011110000010100001011110001111100110, 3220
179: 3008, 3041.54, 3220
1111000011110011110111001111100111111100010010011101010011010111101010001010101100110011111110001111101100100001110011001100111111010010110101011011111111000010111100111111011001100011110111101110000111100100111101001111011110000010100001011110001111100110, 3220
180: 3008, 3046.955, 3220
1111000011110011110111001111100111111100010010011101010011010111101010001010101100110011111110001111101100100001110011001100111111010010110101011011111111000010111100111111011001100011110111101110000111100100111101001111011110000010100001011110001111100110, 3220
181: 3008, 3048.04, 3220
1111000011110011110111001111100111111100010010011101010011010111101010001010101100110011111110001111101100100001110011001100111111010010110101011011111111000010111100111111011001100011110111101110000111100100111101001111011110000010100001011110001111100110, 3220
182: 3008, 3051.815, 3220
1111000011110011110111001111100111111100010010011101010011010111101010001010101100110011111110001111101100100001110011001100111111010010110101011011111111000010111100111111011001100011110111101110000111100100111101001111011110000010100001011110001111100110, 3220
183: 3008, 3057.905, 3220
1111000011110011110111001111100111111100010010011101010011010111101010001010101100110011111110001111101100100001110011001100111111010010110101011011111111000010111100111111011001100011110111101110000111100100111101001111011110000010100001011110001111100110, 3220
184: 3008, 3063.025, 3220
1111000011110011110111001111100111111100010010011101010011010111101010001010101100110011111110001111101100100001110011001100111111010010110101011011111111000010111100111111011001100011110111101110000111100100111101001111011110000010100001011110001111100110, 3220
185: 3008, 3069.155, 3220
1111000011110011110111001111100111111100010010011101010011010111101010001010101100110011111110001111101100100001110011001100111111010010110101011011111111000010111100111111011001100011110111101110000111100100111101001111011110000010100001011110001111100110, 3220
186: 3008, 3077.925, 3220
1111000011110011110111001111100111111100010010011101010011010111101010001010101100110011111110001111101100100001110011001100111111010010110101011011111111000010111100111111011001100011110111101110000111100100111101001111011110000010100001011110001111100110, 3220
187: 3008, 3089.56, 3220
1111000011110011110111001111100111111100010010011101010011010111101010001010101100110011111110001111101100100001110011001100111111010010110101011011111111000010111100111111011001100011110111101110000111100100111101001111011110000010100001011110001111100110, 3220
188: 3024, 3101.905, 3220
1111000011110011110111001111100111111100010010011101010011010111101010001010101100110011111110001111101100100001110011001100111111010010110101011011111111000010111100111111011001100011110111101110000111100100111101001111011110000010100001011110001111100110, 3220
189: 3024, 3108.58, 3220
1111000011110011110111001111100111111100010010011101010011010111101010001010101100110011111110001111101100100001110011001100111111010010110101011011111111000010111100111111011001100011110111101110000111100100111101001111011110000010100001011110001111100110, 3220
190: 3036, 3119.43, 3220
1111000011110011110111001111100111111100010010011101010011010111101010001010101100110011111110001111101100100001110011001100111111010010110101011011111111000010111100111111011001100011110111101110000111100100111101001111011110000010100001011110001111100110, 3220
191: 3036, 3128.875, 3220
1111000011110011110111001111100111111100010010011101010011010111101010001010101100110011111110001111101100100001110011001100111111010010110101011011111111000010111100111111011001100011110111101110000111100100111101001111011110000010100001011110001111100110, 3220
192: 3074, 3137.275, 3220
1111000011110011110111001111100111111100010010011101010011010111101010001010101100110011111110001111101100100001110011001100111111010010110101011011111111000010111100111111011001100011110111101110000111100100111101001111011110000010100001011110001111100110, 3220
193: 3085, 3143.08, 3220
1111000011110011110111001111100111111100010010011101010011010111101010001010101100110011111110001111101100100001110011001100111111010010110101011011111111000010111100111111011001100011110111101110000111100100111101001111011110000010100001011110001111100110, 3220
194: 3085, 3149.95, 3220
1111000011110011110111001111100111111100010010011101010011010111101010001010101100110011111110001111101100100001110011001100111111010010110101011011111111000010111100111111011001100011110111101110000111100100111101001111011110000010100001011110001111100110, 3220
195: 3085, 3156.78, 3220
1111000011110011110111001111100111111100010010011101010011010111101010001010101100110011111110001111101100100001110011001100111111010010110101011011111111000010111100111111011001100011110111101110000111100100111101001111011110000010100001011110001111100110, 3220
196: 3132, 3162.28, 3220
1111000011110011110111001111100111111100010010011101010011010111101010001010101100110011111110001111101100100001110011001100111111010010110101011011111111000010111100111111011001100011110111101110000111100100111101001111011110000010100001011110001111100110, 3220
197: 3140, 3165.2, 3220
1111000011110011110111001111100111111100010010011101010011010111101010001010101100110011111110001111101100100001110011001100111111010010110101011011111111000010111100111111011001100011110111101110000111100100111101001111011110000010100001011110001111100110, 3220
198: 3140, 3168, 3220
1111000011110011110111001111100111111100010010011101010011010111101010001010101100110011111110001111101100100001110011001100111111010010110101011011111111000010111100111111011001100011110111101110000111100100111101001111011110000010100001011110001111100110, 3220
199: 3140, 3171.36, 3220
1111000011110011110111001111100111111100010010011101010011010111101010001010101100110011111110001111101100100001110011001100111111010010110101011011111111000010111100111111011001100011110111101110000111100100111101001111011110000010100001011110001111100110, 3220
200: 3140, 3175.28, 3220
1111000011110011110111001111100111111100010010011101010011010111101010001010101100110011111110001111101100100001110011001100111111010010110101011011111111000010111100111111011001100011110111101110000111100100111101001111011110000010100001011110001111100110, 3220
201: 3140, 3179.68, 3220
1111000011110011110111001111100111111100010010011101010011010111101010001010101100110011111110001111101100100001110011001100111111010010110101011011111111000010111100111111011001100011110111101110000111100100111101001111011110000010100001011110001111100110, 3220
202: 3140, 3183.44, 3220
1111000011110011110111001111100111111100010010011101010011010111101010001010101100110011111110001111101100100001110011001100111111010010110101011011111111000010111100111111011001100011110111101110000111100100111101001111011110000010100001011110001111100110, 3220
203: 3140, 3188, 3220
1111000011110011110111001111100111111100010010011101010011010111101010001010101100110011111110001111101100100001110011001100111111010010110101011011111111000010111100111111011001100011110111101110000111100100111101001111011110000010100001011110001111100110, 3220
204: 3140, 3194.88, 3220
1111000011110011110111001111100111111100010010011101010011010111101010001010101100110011111110001111101100100001110011001100111111010010110101011011111111000010111100111111011001100011110111101110000111100100111101001111011110000010100001011110001111100110, 3220
205: 3156, 3198.88, 3220
1111000011110011110111001111100111111100010010011101010011010111101010001010101100110011111110001111101100100001110011001100111111010010110101011011111111000010111100111111011001100011110111101110000111100100111101001111011110000010100001011110001111100110, 3220
206: 3156, 3204.48, 3220
1111000011110011110111001111100111111100010010011101010011010111101010001010101100110011111110001111101100100001110011001100111111010010110101011011111111000010111100111111011001100011110111101110000111100100111101001111011110000010100001011110001111100110, 3220
207: 3156, 3207.2, 3220
1111000011110011110111001111100111111100010010011101010011010111101010001010101100110011111110001111101100100001110011001100111111010010110101011011111111000010111100111111011001100011110111101110000111100100111101001111011110000010100001011110001111100110, 3220
208: 3204, 3207.92, 3220
1111000011110011110111001111100111111100010010011101010011010111101010001010101100110011111110001111101100100001110011001100111111010010110101011011111111000010111100111111011001100011110111101110000111100100111101001111011110000010100001011110001111100110, 3220
209: 3204, 3208.24, 3220
1111000011110011110111001111100111111100010010011101010011010111101010001010101100110011111110001111101100100001110011001100111111010010110101011011111111000010111100111111011001100011110111101110000111100100111101001111011110000010100001011110001111100110, 3220
210: 3204, 3208.48, 3220
1111000011110011110111001111100111111100010010011101010011010111101010001010101100110011111110001111101100100001110011001100111111010010110101011011111111000010111100111111011001100011110111101110000111100100111101001111011110000010100001011110001111100110, 3220
211: 3204, 3208.88, 3220
1111000011110011110111001111100111111100010010011101010011010111101010001010101100110011111110001111101100100001110011001100111111010010110101011011111111000010111100111111011001100011110111101110000111100100111101001111011110000010100001011110001111100110, 3220
212: 3204, 3209.12, 3220
1111000011110011110111001111100111111100010010011101010011010111101010001010101100110011111110001111101100100001110011001100111111010010110101011011111111000010111100111111011001100011110111101110000111100100111101001111011110000010100001011110001111100110, 3220
213: 3204, 3209.76, 3228
1111000011110011010111011111100111111100111110011101010011010111101010001010101100110111111110001111101100100001110011001100111111010010110101011011111111000010111110111111111001100011110111101110000111100100111101001111011110000010100001011110001111100110, 3228
214: 3204, 3210.64, 3228
1111000011110011010111011111100111111100111110011101010011010111101010001010101100110111111110001111101100100001110011001100111111010010110101011011111111000010111110111111111001100011110111101110000111100100111101001111011110000010100001011110001111100110, 3228
215: 3204, 3212.485, 3413
1111000011110011010111011111100111111100110100011101010011010111101010001010101100110011111010001110101100100000110011001100111111010010110101011011111111000010111100111111011001100011110111101110000111100100111101001111011110000010100001011110001111100110, 3413
216: 3204, 3212.965, 3413
1111000011110011010111011111100111111100110100011101010011010111101010001010101100110011111010001110101100100000110011001100111111010010110101011011111111000010111100111111011001100011110111101110000111100100111101001111011110000010100001011110001111100110, 3413
217: 3204, 3213.685, 3413
1111000011110011010111011111100111111100110100011101010011010111101010001010101100110011111010001110101100100000110011001100111111010010110101011011111111000010111100111111011001100011110111101110000111100100111101001111011110000010100001011110001111100110, 3413
218: 3204, 3214.405, 3413
1111000011110011010111011111100111111100110100011101010011010111101010001010101100110011111010001110101100100000110011001100111111010010110101011011111111000010111100111111011001100011110111101110000111100100111101001111011110000010100001011110001111100110, 3413
219: 3204, 3215.595, 3413
1111000011110011010111011111100111111100110100011101010011010111101010001010101100110011111010001110101100100000110011001100111111010010110101011011111111000010111100111111011001100011110111101110000111100100111101001111011110000010100001011110001111100110, 3413
220: 3204, 3216.435, 3413
1111000011110011010111011111100111111100110100011101010011010111101010001010101100110011111010001110101100100000110011001100111111010010110101011011111111000010111100111111011001100011110111101110000111100100111101001111011110000010100001011110001111100110, 3413
221: 3204, 3218.155, 3413
1111000011110011010111011111100111111100110100011101010011010111101010001010101100110011111010001110101100100000110011001100111111010010110101011011111111000010111100111111011001100011110111101110000111100100111101001111011110000010100001011110001111100110, 3413
222: 3204, 3219.755, 3413
1111000011110011010111011111100111111100110100011101010011010111101010001010101100110011111010001110101100100000110011001100111111010010110101011011111111000010111100111111011001100011110111101110000111100100111101001111011110000010100001011110001111100110, 3413
223: 3218, 3221.035, 3413
1111000011110011010111011111100111111100110100011101010011010111101010001010101100110011111010001110101100100000110011001100111111010010110101011011111111000010111100111111011001100011110111101110000111100100111101001111011110000010100001011110001111100110, 3413
224: 3220, 3221.045, 3413
1111000011110011010111011111100111111100110100011101010011010111101010001010101100110011111010001110101100100000110011001100111111010010110101011011111111000010111100111111011001100011110111101110000111100100111101001111011110000010100001011110001111100110, 3413
225: 3220, 3221.085, 3413
1111000011110011010111011111100111111100110100011101010011010111101010001010101100110011111010001110101100100000110011001100111111010010110101011011111111000010111100111111011001100011110111101110000111100100111101001111011110000010100001011110001111100110, 3413
226: 3220, 3221.085, 3413
1111000011110011010111011111100111111100110100011101010011010111101010001010101100110011111010001110101100100000110011001100111111010010110101011011111111000010111100111111011001100011110111101110000111100100111101001111011110000010100001011110001111100110, 3413
227: 3220, 3221.085, 3413
1111000011110011010111011111100111111100110100011101010011010111101010001010101100110011111010001110101100100000110011001100111111010010110101011011111111000010111100111111011001100011110111101110000111100100111101001111011110000010100001011110001111100110, 3413
228: 3220, 3221.085, 3413
1111000011110011010111011111100111111100110100011101010011010111101010001010101100110011111010001110101100100000110011001100111111010010110101011011111111000010111100111111011001100011110111101110000111100100111101001111011110000010100001011110001111100110, 3413
229: 3220, 3221.205, 3413
1111000011110011010111011111100111111100110100011101010011010111101010001010101100110011111010001110101100100000110011001100111111010010110101011011111111000010111100111111011001100011110111101110000111100100111101001111011110000010100001011110001111100110, 3413
230: 3220, 3221.285, 3413
1111000011110011010111011111100111111100110100011101010011010111101010001010101100110011111010001110101100100000110011001100111111010010110101011011111111000010111100111111011001100011110111101110000111100100111101001111011110000010100001011110001111100110, 3413
231: 3220, 3221.365, 3413
1111000011110011010111011111100111111100110100011101010011010111101010001010101100110011111010001110101100100000110011001100111111010010110101011011111111000010111100111111011001100011110111101110000111100100111101001111011110000010100001011110001111100110, 3413
232: 3220, 3221.365, 3413
1111000011110011010111011111100111111100110100011101010011010111101010001010101100110011111010001110101100100000110011001100111111010010110101011011111111000010111100111111011001100011110111101110000111100100111101001111011110000010100001011110001111100110, 3413
233: 3220, 3221.405, 3413
1111000011110011010111011111100111111100110100011101010011010111101010001010101100110011111010001110101100100000110011001100111111010010110101011011111111000010111100111111011001100011110111101110000111100100111101001111011110000010100001011110001111100110, 3413
234: 3220, 3221.525, 3413
1111000011110011010111011111100111111100110100011101010011010111101010001010101100110011111010001110101100100000110011001100111111010010110101011011111111000010111100111111011001100011110111101110000111100100111101001111011110000010100001011110001111100110, 3413
235: 3220, 3221.605, 3413
1111000011110011010111011111100111111100110100011101010011010111101010001010101100110011111010001110101100100000110011001100111111010010110101011011111111000010111100111111011001100011110111101110000111100100111101001111011110000010100001011110001111100110, 3413
236: 3220, 3221.645, 3413
1111000011110011010111011111100111111100110100011101010011010111101010001010101100110011111010001110101100100000110011001100111111010010110101011011111111000010111100111111011001100011110111101110000111100100111101001111011110000010100001011110001111100110, 3413
237: 3220, 3222.73, 3429
1111000011110011010111011111100111111100110100011101010011010111101010001010101100110011111110001111101100100001110011001100111111010010110101011011111111000010111100111111011001100011110111101110000111100100111101001111011110000010100001011110001111100110, 3429
238: 3220, 3223.815, 3429
1111000011110011010111011111100111111100110100011101010011010111101010001010101100110011111110001111101100100001110011001100111111010010110101011011111111000010111100111111011001100011110111101110000111100100111101001111011110000010100001011110001111100110, 3429
239: 3220, 3224.37, 3429
1111000011110011010111011111100111111100110100011101010011010111101010001010101100110011111110001111101100100001110011001100111111010010110101011011111111000010111100111111011001100011110111101110000111100100111101001111011110000010100001011110001111100110, 3429
240: 3220, 3224.41, 3429
1111000011110011010111011111100111111100110100011101010011010111101010001010101100110011111110001111101100100001110011001100111111010010110101011011111111000010111100111111011001100011110111101110000111100100111101001111011110000010100001011110001111100110, 3429
241: 3220, 3224.925, 3429
1111000011110011010111011111100111111100110100011101010011010111101010001010101100110011111110001111101100100001110011001100111111010010110101011011111111000010111100111111011001100011110111101110000111100100111101001111011110000010100001011110001111100110, 3429
242: 3220, 3227.295, 3429
1111000011110011010111011111100111111100110100011101010011010111101010001010101100110011111110001111101100100001110011001100111111010010110101011011111111000010111100111111011001100011110111101110000111100100111101001111011110000010100001011110001111100110, 3429
243: 3220, 3227.615, 3429
1111000011110011010111011111100111111100110100011101010011010111101010001010101100110011111110001111101100100001110011001100111111010010110101011011111111000010111100111111011001100011110111101110000111100100111101001111011110000010100001011110001111100110, 3429
244: 3220, 3228.21, 3429
1111000011110011010111011111100111111100110100011101010011010111101010001010101100110011111110001111101100100001110011001100111111010010110101011011111111000010111100111111011001100011110111101110000111100100111101001111011110000010100001011110001111100110, 3429
245: 3220, 3230.3, 3429
1111000011110011010111011111100111111100110100011101010011010111101010001010101100110011111110001111101100100001110011001100111111010010110101011011111111000010111100111111011001100011110111101110000111100100111101001111011110000010100001011110001111100110, 3429
246: 3220, 3231.86, 3429
1111000011110011010111011111100111111100110100011101010011010111101010001010101100110011111110001111101100100001110011001100111111010010110101011011111111000010111100111111011001100011110111101110000111100100111101001111011110000010100001011110001111100110, 3429
247: 3220, 3234.07, 3429
1111000011110011010111011111100111111100110100011101010011010111101010001010101100110011111110001111101100100001110011001100111111010010110101011011111111000010111100111111011001100011110111101110000111100100111101001111011110000010100001011110001111100110, 3429
248: 3220, 3236.27, 3429
1111000011110011010111011111100111111100110100011101010011010111101010001010101100110011111110001111101100100001110011001100111111010010110101011011111111000010111100111111011001100011110111101110000111100100111101001111011110000010100001011110001111100110, 3429
249: 3220, 3237.915, 3437
1111000011110011010111011111100111111100110100011101010011010111101010001010101100110011111110001111101100110001110011001100111111010010110101011011111111000010111100111111011001100000110111101110000111100100111101001111011110001010100011011110001111100110, 3437
250: 3220, 3240.66, 3437
1111000011110011010111011111100111111100110100011101010011010111101010001010101100110011111110001111101100110001110011001100111111010010110101011011111111000010111100111111011001100000110111101110000111100100111101001111011110001010100011011110001111100110, 3437
251: 3220, 3246.53, 3437
1111000011110011010111011111100111111100110100011101010011010111101010001010101100110011111110001111101100110001110011001100111111010010110101011011111111000010111100111111011001100000110111101110000111100100111101001111011110001010100011011110001111100110, 3437
252: 3220, 3252.515, 3437
1111000011110011010111011111100111111100110100011101010011010111101010001010101100110011111110001111101100110001110011001100111111010010110101011011111111000010111100111111011001100000110111101110000111100100111101001111011110001010100011011110001111100110, 3437
253: 3220, 3259.02, 3437
1111000011110011010111011111100111111100110100011101010011010111101010001010101100110011111110001111101100110001110011001100111111010010110101011011111111000010111100111111011001100000110111101110000111100100111101001111011110001010100011011110001111100110, 3437
254: 3220, 3264.125, 3437
1111000011110011010111011111100111111100110100011101010011010111101010001010101100110011111110001111101100110001110011001100111111010010110101011011111111000010111100111111011001100000110111101110000111100100111101001111011110001010100011011110001111100110, 3437
255: 3228, 3271.08, 3437
1111000011110011010111011111100111111100110100011101010011010111101010001010101100110011111110001111101100110001110011001100111111010010110101011011111111000010111100111111011001100000110111101110000111100100111101001111011110001010100011011110001111100110, 3437
256: 3228, 3277.17, 3445
1111000011110011011111011111100111111100110100011101010011010111101010001010101100111011111110001111101100100001110011001100111111010010110101011011111111000010111110111111111000100011110111101110000111100100111101001111011110001010100011011110001111100110, 3445
257: 3228, 3283.005, 3445
1111000011110011011111011111100111111100110100011101010011010111101010001010101100111011111110001111101100100001110011001100111111010010110101011011111111000010111110111111111000100011110111101110000111100100111101001111011110001010100011011110001111100110, 3445
258: 3228, 3291.485, 3445
1111000011110011011111011111100111111100110100011101010011010111101010001010101100111011111110001111101100100001110011001100111111010010110101011011111111000010111110111111111000100011110111101110000111100100111101001111011110001010100011011110001111100110, 3445
259: 3228, 3298.075, 3445
1111000011110011011111011111100111111100110100011101010011010111101010001010101100111011111110001111101100100001110011001100111111010010110101011011111111000010111110111111111000100011110111101110000111100100111101001111011110001010100011011110001111100110, 3445
260: 3228, 3310.32, 3445
1111000011110011011111011111100111111100110100011101010011010111101010001010101100111011111110001111101100100001110011001100111111010010110101011011111111000010111110111111111000100011110111101110000111100100111101001111011110001010100011011110001111100110, 3445
261: 3228, 3321.74, 3445
1111000011110011011111011111100111111100110100011101010011010111101010001010101100111011111110001111101100100001110011001100111111010010110101011011111111000010111110111111111000100011110111101110000111100100111101001111011110001010100011011110001111100110, 3445
262: 3228, 3329.36, 3445
1111000011110011011111011111100111111100110100011101010011010111101010001010101100111011111110001111101100100001110011001100111111010010110101011011111111000010111110111111111000100011110111101110000111100100111101001111011110001010100011011110001111100110, 3445
263: 3228, 3345.215, 3445
1111000011110011011111011111100111111100110100011101010011010111101010001010101100111011111110001111101100100001110011001100111111010010110101011011111111000010111110111111111000100011110111101110000111100100111101001111011110001010100011011110001111100110, 3445
264: 3238, 3362.24, 3445
1111000011110011011111011111100111111100110100011101010011010111101010001010101100111011111110001111101100100001110011001100111111010010110101011011111111000010111110111111111000100011110111101110000111100100111101001111011110001010100011011110001111100110, 3445
265: 3252, 3377.87, 3445
1111000011110011011111011111100111111100110100011101010011010111101010001010101100111011111110001111101100100001110011001100111111010010110101011011111111000010111110111111111000100011110111101110000111100100111101001111011110001010100011011110001111100110, 3445
266: 3269, 3389.34, 3445
1111000011110011011111011111100111111100110100011101010011010111101010001010101100111011111110001111101100100001110011001100111111010010110101011011111111000010111110111111111000100011110111101110000111100100111101001111011110001010100011011110001111100110, 3445
267: 3299, 3399.83, 3445
1111000011110011011111011111100111111100110100011101010011010111101010001010101100111011111110001111101100100001110011001100111111010010110101011011111111000010111110111111111000100011110111101110000111100100111101001111011110001010100011011110001111100110, 3445
268: 3299, 3409.99, 3445
1111000011110011011111011111100111111100110100011101010011010111101010001010101100111011111110001111101100100001110011001100111111010010110101011011111111000010111110111111111000100011110111101110000111100100111101001111011110001010100011011110001111100110, 3445
269: 3299, 3423.8, 3445
1111000011110011011111011111100111111100110100011101010011010111101010001010101100111011111110001111101100100001110011001100111111010010110101011011111111000010111110111111111000100011110111101110000111100100111101001111011110001010100011011110001111100110, 3445
270: 3413, 3429.88, 3445
1111000011110011011111011111100111111100110100011101010011010111101010001010101100111011111110001111101100100001110011001100111111010010110101011011111111000010111110111111111000100011110111101110000111100100111101001111011110001010100011011110001111100110, 3445
271: 3421, 3432.32, 3445
1111000011110011011111011111100111111100110100011101010011010111101010001010101100111011111110001111101100100001110011001100111111010010110101011011111111000010111110111111111000100011110111101110000111100100111101001111011110001010100011011110001111100110, 3445
272: 3429, 3433.52, 3445
1111000011110011011111011111100111111100110100011101010011010111101010001010101100111011111110001111101100100001110011001100111111010010110101011011111111000010111110111111111000100011110111101110000111100100111101001111011110001010100011011110001111100110, 3445
273: 3429, 3434.04, 3445
1111000011110011011111011111100111111100110100011101010011010111101010001010101100111011111110001111101100100001110011001100111111010010110101011011111111000010111110111111111000100011110111101110000111100100111101001111011110001010100011011110001111100110, 3445
274: 3429, 3434.64, 3445
1111000011110011011111011111100111111100110100011101010011010111101010001010101100111011111110001111101100100001110011001100111111010010110101011011111111000010111110111111111000100011110111101110000111100100111101001111011110001010100011011110001111100110, 3445
275: 3429, 3434.92, 3445
1111000011110011011111011111100111111100110100011101010011010111101010001010101100111011111110001111101100100001110011001100111111010010110101011011111111000010111110111111111000100011110111101110000111100100111101001111011110001010100011011110001111100110, 3445
276: 3429, 3435.6, 3445
1111000011110011011111011111100111111100110100011101010011010111101010001010101100111011111110001111101100100001110011001100111111010010110101011011111111000010111110111111111000100011110111101110000111100100111101001111011110001010100011011110001111100110, 3445
277: 3429, 3436.32, 3445
1111000011110011011111011111100111111100110100011101010011010111101010001010101100111011111110001111101100100001110011001100111111010010110101011011111111000010111110111111111000100011110111101110000111100100111101001111011110001010100011011110001111100110, 3445
278: 3429, 3436.88, 3445
1111000011110011011111011111100111111100110100011101010011010111101010001010101100111011111110001111101100100001110011001100111111010010110101011011111111000010111110111111111000100011110111101110000111100100111101001111011110001010100011011110001111100110, 3445
279: 3437, 3437.28, 3445
1111000011110011011111011111100111111100110100011101010011010111101010001010101100111011111110001111101100100001110011001100111111010010110101011011111111000010111110111111111000100011110111101110000111100100111101001111011110001010100011011110001111100110, 3445
280: 3437, 3437.36, 3445
1111000011110011011111011111100111111100110100011101010011010111101010001010101100111011111110001111101100100001110011001100111111010010110101011011111111000010111110111111111000100011110111101110000111100100111101001111011110001010100011011110001111100110, 3445
281: 3437, 3437.48, 3445
1111000011110011011111011111100111111100110100011101010011010111101010001010101100111011111110001111101100100001110011001100111111010010110101011011111111000010111110111111111000100011110111101110000111100100111101001111011110001010100011011110001111100110, 3445
282: 3437, 3437.64, 3445
1111000011110011011111011111100111111100110100011101010011010111101010001010101100111011111110001111101100100001110011001100111111010010110101011011111111000010111110111111111000100011110111101110000111100100111101001111011110001010100011011110001111100110, 3445
283: 3437, 3437.68, 3445
1111000011110011011111011111100111111100110100011101010011010111101010001010101100111011111110001111101100100001110011001100111111010010110101011011111111000010111110111111111000100011110111101110000111100100111101001111011110001010100011011110001111100110, 3445
284: 3437, 3437.84, 3445
1111000011110011011111011111100111111100110100011101010011010111101010001010101100111011111110001111101100100001110011001100111111010010110101011011111111000010111110111111111000100011110111101110000111100100111101001111011110001010100011011110001111100110, 3445
285: 3437, 3437.84, 3445
1111000011110011011111011111100111111100110100011101010011010111101010001010101100111011111110001111101100100001110011001100111111010010110101011011111111000010111110111111111000100011110111101110000111100100111101001111011110001010100011011110001111100110, 3445
286: 3437, 3437.96, 3445
1111000011110011011111011111100111111100110100011101010011010111101010001010101100111011111110001111101100100001110011001100111111010010110101011011111111000010111110111111111000100011110111101110000111100100111101001111011110001010100011011110001111100110, 3445
287: 3437, 3438, 3445
1111000011110011011111011111100111111100110100011101010011010111101010001010101100111011111110001111101100100001110011001100111111010010110101011011111111000010111110111111111000100011110111101110000111100100111101001111011110001010100011011110001111100110, 3445
288: 3437, 3438.32, 3445
1111000011110011011111011111100111111100110100011101010011010111101010001010101100111011111110001111101100100001110011001100111111010010110101011011111111000010111110111111111000100011110111101110000111100100111101001111011110001010100011011110001111100110, 3445
289: 3437, 3438.44, 3445
1111000011110011011111011111100111111100110100011101010011010111101010001010101100111011111110001111101100100001110011001100111111010010110101011011111111000010111110111111111000100011110111101110000111100100111101001111011110001010100011011110001111100110, 3445
290: 3437, 3438.6, 3445
1111000011110011011111011111100111111100110100011101010011010111101010001010101100111011111110001111101100100001110011001100111111010010110101011011111111000010111110111111111000100011110111101110000111100100111101001111011110001010100011011110001111100110, 3445
291: 3437, 3438.84, 3445
1111000011110011011111011111100111111100110100011101010011010111101010001010101100111011111110001111101100100001110011001100111111010010110101011011111111000010111110111111111000100011110111101110000111100100111101001111011110001010100011011110001111100110, 3445
292: 3437, 3439, 3445
1111000011110011011111011111100111111100110100011101010011010111101010001010101100111011111110001111101100100001110011001100111111010010110101011011111111000010111110111111111000100011110111101110000111100100111101001111011110001010100011011110001111100110, 3445
293: 3437, 3439.12, 3445
1111000011110011011111011111100111111100110100011101010011010111101010001010101100111011111110001111101100100001110011001100111111010010110101011011111111000010111110111111111000100011110111101110000111100100111101001111011110001010100011011110001111100110, 3445
294: 3437, 3439.36, 3445
1111000011110011011111011111100111111100110100011101010011010111101010001010101100111011111110001111101100100001110011001100111111010010110101011011111111000010111110111111111000100011110111101110000111100100111101001111011110001010100011011110001111100110, 3445
295: 3437, 3439.48, 3445
1111000011110011011111011111100111111100110100011101010011010111101010001010101100111011111110001111101100100001110011001100111111010010110101011011111111000010111110111111111000100011110111101110000111100100111101001111011110001010100011011110001111100110, 3445
296: 3437, 3439.76, 3445
1111000011110011011111011111100111111100110100011101010011010111101010001010101100111011111110001111101100100001110011001100111111010010110101011011111111000010111110111111111000100011110111101110000111100100111101001111011110001010100011011110001111100110, 3445
297: 3437, 3440, 3445
1111000011110011011111011111100111111100110100011101010011010111101010001010101100111011111110001111101100100001110011001100111111010010110101011011111111000010111110111111111000100011110111101110000111100100111101001111011110001010100011011110001111100110, 3445
298: 3437, 3440.4, 3445
1111000011110011011111011111100111111100110100011101010011010111101010001010101100111011111110001111101100100001110011001100111111010010110101011011111111000010111110111111111000100011110111101110000111100100111101001111011110001010100011011110001111100110, 3445
299: 3437, 3440.84, 3445
1111000011110011011111011111100111111100110100011101010011010111101010001010101100111011111110001111101100100001110011001100111111010010110101011011111111000010111110111111111000100011110111101110000111100100111101001111011110001010100011011110001111100110, 3445
